[]
LowestFps=23.284025
Fps=319.152496
HighestFps=447.007294
RawFrameTimes=71.138405
RawFrameCounts=22704
RawSmallestFrameTime=0.002237
RawLargestFrameTime=0.042948
RawGraphicsFlipDuration=0.000000

[Overall]
LoadingTime=3685

