[]
LowestFps=23.881737
Fps=290.316895
HighestFps=502.563080
RawFrameTimes=71.149841
RawFrameCounts=20656
RawSmallestFrameTime=0.001990
RawLargestFrameTime=0.041873
RawGraphicsFlipDuration=0.000000

[Overall]
LoadingTime=8213

