[]
LowestFps=22.782209
Fps=290.008759
HighestFps=566.123230
RawFrameTimes=71.146126
RawFrameCounts=20633
RawSmallestFrameTime=0.001766
RawLargestFrameTime=0.043894
RawGraphicsFlipDuration=0.000000

[Overall]
LoadingTime=10188

